# Instrumental Neutron Activation Trace Element Analyses From Lavas of the Cima Volcanic Field (ppm)
SAMPLE As Ba Co Cr Cs Hf Ni Rb Sb Sc Sr Ta Th U W Zn Zr
Ci-6-1 0.84 332 38.1 135 0.43 6.07 122 38.2 0.116 20.7 572 3.76 4 1.41 1.49 93.4 253
Ci-20 1.36 368 35.6 100 0.49 6.74 100 40 0.094 18.2 623 4.38 5 1.42 1.05 97.4 280
Ci-15 1.44 327 39.8 179 0.29 4.72 128 30 0.295 20.7 491 2.53 3 0.796 107 180
Ci-12 6.02 423 37 158 0.5 3.99 163 42.2 1.46 19.9 532 3.5 4 1.15 2.05 67.5 178
MC-1 1.66 334 31.4 37.3 0.29 7.57 52.1 30.8 0.121 16.5 543 3.53 4 1.19 0.822 121 287
Ci-60 0.67 339 27.3 59.2 0.59 7.63 73.3 40.2 0.08 14 469 3.92 4.2 1.16 1.13 92.8 347
Ci-57 0.89 330 25.9 52.9 0.25 7.5 65.5 37.2 0.11 14.2 611 3.76 4.4 1.2 93.4 342
Ci-56 1.22 549 22.1 25.8 0.39 9.01 52 46.4 0.1 11.2 544 4.5 5.1 1.29 1.72 101 402
Ci-25 3.22 433 25.9 39.1 0.28 7.59 58.8 31.6 0.127 14.4 572 3.51 3 1.04 1.01 92.4 362
Ci-19 1.43 317 30.8 46.6 0.41 7.17 65.3 39 0.134 16.2 547 3.6 4 1.24 1.34 114 302
Ci-9-102 3.82 467 36.2 153 0.51 4.53 131 39.1 0:93 20.9 564 3.79 5 1.33 83.7 194
Ci-10-101 5.5 420 37 284 0.37 4.33 186 38.2 1.22 19.4 588 3.83 4 1.26 1.25 63.2 191
Ci-16 0.92 445 32.5 53.9 0.52 4.17 77.4 35.9 0.128 18 700 3.88 4 1.08 1.1 54.1 197
Ci 9-101 4.3 471 36.4 120 0.52 4.21 145 36.1 0.773 22 580 .3.84 4 1.36 69.2 175
Ci-53 0.36 520 31.6 163 0.57 6.61 95.1 47.8 0.17 26.6 996 5.27 7.1 1 0.77 63.8 309
Ci-49 1.98 467 34.5 215 1.51 7.19 128 38.3 0.18 29.6 722 5.5 7.0 1.72 1.57 62.3 316
